,RL,Random,Greedy
0,131.59323522799997,317.69662222475245,125.48596000000005
1,91.90887562174416,69.49262470000001,286.4173679004
2,71.57517641599999,136.8876542,90.20118170000003
3,88.06341999999997,136.8715932289724,120.869307013
4,76.07721169999999,71.60566999999999,163.0788436
5,69.4222528,148.57591881363587,103.77489
6,67.15815,77.871015033,111.82491551900169
7,239.1398646,55.71383547014,135.540876133
8,65.6727619,83.26512000000001,142.1978496276731
9,127.76341,201.98242180000003,266.6474652838948
10,71.769,111.49466443599998,204.85618323300005
11,52.638419999999996,121.13951301599997,94.03580170000001
12,82.60842140000001,93.65954647014001,127.29821320000003
13,38.871109999999994,93.38153,101.56521000000001
14,91.75522941299997,63.69134000000001,83.42076129999998
15,67.0262436,154.29561931899997,132.256247816
16,133.3298312,79.52184412023996,297.77571939999996
17,100.2840823,45.50464120000001,146.92392
18,86.65741900200166,208.52362279999994,167.24026632500005
19,31.512000000000008,113.77158501523002,96.78081922322
20,84.0397067882213,67.4655514,90.35250000000002
21,92.74613000000002,83.22468190000001,121.72374210000002
22,55.76814000000002,125.279593,161.8189392207921
23,105.03019981999998,107.17757000000002,147.96994580000003
24,63.77514,160.97441452899997,119.31617390000002
25,132.8890900316832,242.509243617,182.7925764
26,199.64076393284614,119.41319672799999,126.44518140000005
27,73.65058841584155,74.50548909519001,152.22923847878482
28,122.37434170000002,63.835150000000006,137.32927152500002
29,105.71068180000002,183.1448757,222.9862447
30,128.0026675,89.24375252475247,205.4215713890027
31,90.76536409999999,108.71761120541,186.3566264592725
32,41.82211,122.09729719999999,323.13390131591257
33,63.5177907372621,146.338601018,125.75008641599999
34,65.51239129999999,57.007965614,141.2521296108414
35,71.30413999999998,98.35111052099997,112.817317214
36,53.04984150000001,89.48880573781186,286.7300215947856
37,82.9501529,69.17528999999999,225.39223228442472
38,49.30827,100.434882,149.11088191683172
39,61.65169130000002,71.62637000000001,196.07564731500005
40,58.315361200000005,77.3768938,88.06614150000001
41,136.40431999999998,111.47542801600002,105.70537490000002
42,90.42412999999996,98.51694022590152,228.81471297014005
43,157.48585629999997,54.08912,136.90310150000005
44,72.16225,102.2334222,175.78040761520003
45,101.067376015,116.7357736,251.55701663599996
46,146.03567479999998,94.94937690175249,133.76885579999998
47,113.17132180000002,102.29312309519001,135.2229921
48,56.903180000000006,53.392999999999994,183.0087659227723
49,83.12015,82.68164120000002,98.8934404148515
50,120.3912312,160.57027782178213,77.60316159999998
51,65.36818000000001,83.09759999999997,118.06161000000002
52,46.74611,51.51424,99.95299000000001
53,68.44158,232.55863593099997,117.85985370000003
54,100.47719220120202,75.71529000000001,77.59150000000001
55,73.42193801980198,123.22320179999997,155.5336556
56,164.31084246900326,85.52901000000001,142.157842431
57,102.06270252499998,95.15818999999999,112.24144120000003
58,183.52898064180192,111.29154999999997,160.105223277229
59,180.44422,80.03330000000003,175.29219806512998
60,69.58532000000001,96.13878721799998,213.57828342127996
61,130.4885084,111.12499783663367,109.79827170000002
62,38.4,105.16546282400002,76.73309150000001
63,147.2515445,101.0788135188119,116.00206150000004
64,68.35836,132.57028302200004,146.35574160000004
65,107.62291507514999,150.552127129,154.95803542300004
66,76.77661,53.58769000000001,140.44043522884164
67,94.15638000000001,66.4416814,142.81277363584158
68,84.075924828,118.03654279999998,112.11791000000002
69,107.9416915,86.42663000000002,119.34235595602169
70,90.33379,108.25954962399999,113.34537842100005
71,110.69684209999998,90.20260999999999,122.53491556128999
72,149.7177864,125.67894379999996,194.2142162
73,148.30195169999996,228.06416000000002,192.4069430805601
74,73.56860199999997,105.34011782178221,182.09631628963547
75,95.658443233,148.93504199708178,137.87642004178215
76,79.99925999999999,179.86969417033998,127.73104140000004
77,67.63508359999999,90.49083,120.61819000000003
78,129.60613,126.96190955373262,200.26222510000002
79,77.29962999999998,95.49268129999999,195.69614970117
80,66.61317999999999,185.0403015,250.35273652116004
81,126.8897524704464,85.34441202999999,147.65496539916003
82,81.9696,105.70738901700001,190.26347571022
83,116.94583443084159,82.01926180000004,144.28167360040004
84,78.25768656337122,46.77323,105.8142434308218
85,51.665130000000005,82.43158076900332,164.4350642
86,67.93811657514999,78.01066179999998,195.71053189999998
87,67.97591150000001,96.83863501022,239.87958663900005
88,93.08519681700001,71.39523,131.97463140000002
89,112.79049389999999,99.25514,113.111665213
90,49.05012000000001,95.70787000000001,345.22439701338936
91,167.618142222,102.4486429,137.055436237
92,159.89047449999995,123.74306151084141,190.97496606500005
93,73.21533,94.37750000000001,137.55160120000005
94,61.041,67.16133109999998,126.77906614990151
95,88.73947289999998,93.17282670414998,135.72697190000002
96,115.01338159999999,80.72885627108181,169.57317741500003
97,78.31823999999999,88.7926975957813,97.35248010020001
98,56.28415000000001,130.01346999999998,164.07111755680202
99,65.5607716,88.46825809017999,148.40184468915
100,73.679055614,147.18635931900005,241.0852230257426
101,64.6364214,61.11118000000001,160.85237780396375
102,129.65445123368278,186.20792993522002,203.37376883922
103,118.31341299999997,133.437536817,121.21781280000003
104,154.85292796227003,73.15988139999999,130.56075859214
105,61.709601199999994,67.00013,170.77169847014002
106,113.41631000000001,55.95288130000001,130.7344874288515
107,123.70137999999999,89.243758418,263.02926283
108,80.72059149999998,200.94827032277226,232.73999153026003
109,69.833515213,64.01468,122.96657390000003
110,125.03478933455594,45.18994082400002,177.9116329
111,125.55807512524997,78.16529,227.680284837
112,132.63056314988296,146.085574,139.59674000000004
113,113.67569565499306,146.80048802,107.621940217
114,105.93973000000001,96.67735642168282,107.84175000000002
115,64.66892,71.79968170000001,111.90109280309359
116,91.14671781599999,130.08135000000001,153.61399998016
117,116.06071212277227,95.75027,127.42402000000001
118,128.95060031584157,91.70542999999995,124.28450000000002
119,73.45168002079208,118.80595390217003,126.22435410020003
120,67.72938000000002,62.65731,194.74204321400003
121,91.45373163008149,69.5504801002,199.1189985415842
122,133.13272700514193,96.39654370000002,351.02991983361295
123,62.284326817,156.59879033299995,223.23265001881194
124,153.61087326567326,163.56164260000003,175.7372699207921
125,75.26636583186139,110.50012853527001,146.71563703379263
126,68.13362000000001,69.62468000000001,375.68356051969226
127,104.95741420000002,82.92147000000001,224.53482461485152
128,112.10308000000002,118.22162,178.4084287627466
129,70.9490514,122.48868681700003,140.43056461699996
130,116.43217231199998,119.87815002199997,167.96684000000002
131,96.96813492700001,56.912000000000006,107.21067399999998
132,147.87896759999998,109.92251000000003,122.64797270000001
133,51.023120000000006,57.02225,199.003965
134,85.0254,158.134287935,217.31949889723006
135,124.14138001999999,127.34421802,106.36634300000003
136,44.963249999999995,57.43163120000001,143.05839838517
137,86.84152390000001,75.67032601499999,132.10372250000003
138,56.804,125.77792457929681,172.63711605632105
139,76.1386712,88.89392180000002,213.21776078128005
140,155.75386680000003,81.00063653132221,255.22936170386458
141,105.71564000000001,118.20255220000001,288.01776824200005
142,63.60934000000001,103.78199202400002,130.92889671921
143,71.93845999999999,136.14158821782178,146.47325794638232
144,62.393159999999995,51.878130000000006,210.67153360000003
145,95.04430600000002,123.76986000000001,127.91761941500002
146,101.9260800138614,114.91232748016,179.64297658032004
147,140.14681601499996,127.59581769833,174.6448812
148,138.28025525376236,73.37694341022001,130.59034571750743
149,155.00025030120202,117.00220460125497,143.73216141500004
150,85.4787333,98.60940641600001,145.7256417
151,86.59959,101.13353000000001,131.7854019109223
152,160.2643362,68.56962,167.655952013
153,82.79459999999999,168.32480159999997,139.58661483699998
154,46.69990119999999,86.790279018,164.033209223
155,184.35402126873268,131.85979,212.45087291584161
156,211.74053284569,95.54017309999999,150.32004042600002
157,110.99678771299997,161.73332202999998,223.19109422600005
158,63.473440000000004,58.437400000000004,242.96269161600003
159,79.280888016,85.5861995116229,137.12827467021182
160,55.18517000000001,62.52112999999999,121.0157928
161,121.04908999999994,114.87423000000001,207.49350595399994
162,112.72782999999998,134.10707394096164,144.71168
163,180.36372011299994,91.14358,109.21355253366337
164,94.82258,108.257111525,87.66883280000002
165,48.88726000000001,63.712454,91.15305662887128
166,65.46425,89.946693,141.200190622
167,80.27042260000002,66.8368719,167.07044
168,37.454022499999994,141.96720932964809,216.22965000000002
169,104.2360122,84.82569407013997,138.1480619
170,150.26110101782177,70.19846,126.29077601500002
171,104.2776929,58.40115000000001,282.7567778394247
172,95.09693150000001,75.70851601500001,177.3810823
173,108.73170000000002,105.93980499999998,117.22065400000001
174,65.47,103.3850362710818,151.09077576513002
175,120.21901863099998,167.1759991,139.506531919802
176,124.53310379999999,137.3405611191089,167.0977969487673
177,141.5201121,82.83428011683169,140.42464230000002
178,58.288129999999995,93.77419280000001,156.9503014
179,104.35640000000002,48.4955614,197.40614176282176
180,81.90414698908177,76.24563,124.2213515
181,69.06887694577227,60.166,186.62291174036
182,78.029316015,81.44388999999998,142.9391926
183,177.34466559999998,88.48417,159.1960567260017
184,40.522000000000006,189.06287926125003,96.13951901800006
185,217.170672,206.99892820116003,181.3039836
186,71.28934521299999,66.00500000000001,131.48665121500002
187,91.46995601499998,108.8681778313222,197.57100222100004
188,90.30109000000002,80.48781330000003,139.25664857515002
189,56.763000000000005,81.69899001683169,144.53880951500005
190,97.23106419999999,117.98192056900331,161.0672232
191,78.56127,131.41561851699998,252.09658239627228
192,181.8218418,95.67826627196158,101.93726252100005
193,94.00975740002148,117.62635250000002,173.508392832
194,76.7303,66.1805,116.8013348
195,81.32167,86.33957189999998,164.18556072565784
196,101.67897512574254,68.21512999999999,145.7112544
197,114.89564000000003,81.09186000000003,123.66641888214002
198,72.85831999999999,126.9836830703687,162.74645010020004
199,122.03219021584158,69.07321999999998,128.64169160000003
200,117.54761430000002,96.94368000000003,194.3698623445545
201,77.4412019,97.19532912520998,171.16845217463543
202,73.93714,127.5699855,119.96609450000003
203,65.5824286138614,129.48108,181.44391002475248
204,69.7166015,70.41225999999999,184.19881085373268
205,105.17376,86.62412627515003,113.24438202999998
206,211.03188999999998,107.10264369999999,98.80698000000004
207,65.75141999999998,73.36767761899999,139.82224901400002
208,92.47932972000001,115.579741629,170.59897560000002
209,111.79554146568893,171.76971500000002,202.24165220000003
210,95.79495189214998,47.57612000000001,118.94607000000002
211,88.22542493300001,93.29112001980197,136.48791139999997
212,148.16610900662272,70.38942139999999,156.46848142400003
213,165.63575367755448,106.7724156560217,152.72645289999997
214,108.37021341125616,150.0584723,105.57871418072122
215,92.34256150000002,74.03514000000001,110.39245521300002
216,90.70717,77.50456761899997,120.33025900000001
217,81.50436999999998,64.14199002178218,128.6805714
218,52.050041400000005,70.5086914,110.51136807108183
219,58.01643,67.36140999999999,198.87159654904343
220,66.10993269999999,89.44896521299998,103.76970000000001
221,87.24555971084138,131.05176340000003,174.3800736
222,120.6225642,177.20124843069303,143.097395
223,63.0263,90.74605102099999,117.50711000000004
224,143.0779389287129,83.38398000000001,119.03892
225,59.637087218,126.15083285801742,118.76545200000005
226,109.00524,123.20767999999998,148.0776507427327
227,85.81035768015998,50.86027838517001,122.91919322699219
228,97.51502349999998,107.99776160000002,138.30852728708183
229,112.47107561400001,126.478623,107.76021450000002
230,104.16417043186136,128.932910015,194.4516834890818
231,64.96126,86.72360306513004,155.689545
232,49.178446613000006,99.29512,164.2178758
233,109.39335209999999,63.46571001485148,238.80215331699998
234,109.9428996595052,77.91228999999998,117.459121181819
235,56.861578514851495,76.169024812,201.9938859
236,124.444190827,95.8695716,186.06242000000003
237,74.6530514,125.89617559999995,289.5037214290017
238,91.227135614,80.5426901138614,135.18322570000004
239,61.7177113,123.30447792079207,93.46480000000003
240,106.4292524,98.84200140000003,215.31059252838665
241,99.07800001683171,106.44188708517002,148.8358912
242,48.42600000000001,68.18575,177.7762368780023
243,161.20362330000003,92.28513451523,144.7801299207921
244,87.99722000000001,115.81963540000002,136.23788130000003
245,95.64491000000001,87.519999223,209.01994470000005
246,98.04758,95.03635999999999,112.76561000000005
247,84.77075110000001,111.70531082699999,355.9302917320021
248,106.5284368,122.1024,150.62948469999995
249,127.57048353200216,142.34205879294984,136.89529763026
250,83.50719975921106,65.0997617,105.45089000000002
251,102.47826165400001,143.34900131584158,60.71250999999999
252,120.70945262199997,87.70377972100002,146.699870221
253,85.46433085199999,151.56590999999997,152.45965474782264
254,72.5216912,80.14454561400001,170.95529984010145
255,95.50328389999997,47.94549751500001,118.025959817
256,101.25762,71.0710913,142.35991370000002
257,102.35471772277225,110.09844359999997,130.59424486513
258,65.2080817,56.21533,189.56374826407023
259,122.45782149999998,97.8073185846474,180.4711131
260,134.7781918649616,70.02043600000002,139.22535180000003
261,43.61827000000001,113.6576642,246.685730118
262,69.04232999999998,94.17585130000002,200.733857327
263,46.095000000000006,64.90128,176.4757828730217
264,72.40245149999998,89.22549000000001,120.36529180000002
265,117.5737618,115.26265,145.12869000000003
266,106.78582150000001,39.01300000000001,195.87786108986802
267,110.8439301503,106.98055801999999,188.933782819
268,100.94990130000001,56.62642140000001,197.061960841
269,103.07644,83.73963257680198,219.03137058192323
270,66.22961149999999,105.32311190000003,279.59902999999997
271,78.19467641600001,104.17516051782178,119.74438809018001
272,70.20604219999997,176.95269199038,94.50904561400002
273,100.49031999999997,53.7536212,238.26270118827426
274,128.65092320000002,69.65055,112.44861521300002
275,96.316656416,131.56455942079205,159.98801893224
276,107.54976429999999,85.34347,265.80338578159405
277,100.978011726,174.98030011683167,149.26984386305685
278,168.11317647599998,178.48155445580198,139.41586519999996
279,76.08537999999999,74.30114000000002,207.867605244703
280,160.94435239858186,163.986250521,285.81063091500005
281,66.73856,94.12186081400188,169.059468935
282,117.13512221599998,66.59889119999998,129.758484327
283,110.01099,78.2562221,117.282116813
284,113.11067600000004,43.793965614,278.08483750000005
285,76.47423219999996,65.62960831683168,194.03257520000003
286,150.26154003366338,72.33964159999998,127.5097359
287,70.05602243099999,206.87816038628173,104.91109521300002
288,47.14155130000001,136.21558791500001,157.37031714121002
289,98.21672000000004,73.85567119999999,138.80281185
290,81.1047244,119.06189231999998,73.10894
291,61.67271523800001,55.787130000000005,99.014609415
292,54.51072180000002,114.0250706138614,162.33649608016006
293,90.08238891899998,67.57657000000002,265.70275283599995
294,61.20196140000001,143.7599309642593,266.002528413
295,106.0859736,129.14030412277228,138.204195034
296,58.36900000000001,67.00912000000001,155.626650418
297,74.78342833287128,140.80920791499997,100.50017901800001
298,59.846597218,115.75086000000002,128.64428287684163
299,104.08056792079208,42.792925213000004,112.82728540000004
300,153.38683170000002,122.13705159999999,159.17117410000003
301,111.63230301881187,95.43747368901138,114.91637507515
302,61.850831400000004,82.52136120000002,205.516206342
303,73.50709309999999,83.89118681699999,114.72952701400003
304,93.7845747,140.3823,131.10698837014002
305,49.129380000000005,71.32283436513,116.64925000000004
306,85.08475999999999,143.5291973,181.3790473683
307,46.93025000000001,117.30757000000001,150.46351371022
308,108.20772449018003,66.57314000000001,110.03340363400002
309,100.55458149999998,111.142,91.93874
310,69.87865833102168,74.11521051900002,148.26863943183173
311,92.03824673281187,130.67732999999998,107.775582281819
312,72.83289140000001,83.576002817,120.90117000000005
313,66.2658314,99.24975169999999,121.7032219198152
314,86.36827350117002,49.525000000000006,166.25405110217
315,70.2246,79.00148159999999,151.62661270000004
316,139.11617171584157,126.74411139999998,111.52340974378221
317,119.26566364600001,112.77296700000001,225.09677358016
318,176.896932219,105.5187114,220.456005948
319,67.90120120000002,117.04668122000001,147.07233306513004
320,77.52763,93.81563,157.15687519999997
321,146.033847644,138.46458703618998,180.06297714096164
322,123.68851425531001,148.46282,228.6435616787525
323,79.99038001881186,79.19328999999999,107.04645000000002
324,83.12838999999998,74.9353,206.97691670000003
325,92.75085784925179,74.28714999999998,161.07141680000004
326,89.82823279999998,108.18300363399999,143.68313369999996
327,72.51113999999998,133.7928894929498,145.2227114
328,135.930689138,64.37288120000001,109.937342619802
329,79.7178113,89.96725768015997,216.215688068
330,112.893752125,102.92438681700003,142.64182
331,73.65072932,171.62973999999997,98.30250000000004
332,102.22773692785148,89.66602280000001,143.62233641400002
333,98.8965712,84.41174140000001,241.97434850641199
334,63.62916,110.67938,137.48212270000002
335,73.228612832,85.42692041584156,167.51022890000002
336,67.6887611,54.604690000000005,183.747364
337,166.9726,73.50813999999998,168.45120530000003
338,121.76804033626208,81.50938721299998,102.52077101800002
339,169.8036242,48.28214000000001,192.782491223
340,57.355140000000006,135.10082201980197,142.101412
341,80.75396220000002,110.51620190000001,170.99257932
342,55.75514000000001,76.66289,160.61326999999997
343,76.32907139999999,50.2704214,109.2881494388414
344,135.94196974975247,77.72514,220.74255951800006
345,63.12422000000001,121.736874827,94.42265000000006
346,162.829730476,115.73493061699997,147.1032018178218
347,173.80972702673267,81.79525002079207,173.2230142
348,167.62248559999998,125.83523936169308,212.22499140000008
349,73.4555514,86.76882994099995,151.63090644584162
350,115.81639999999999,122.30427200000003,138.41912793366336
351,131.66152182099998,90.532233634,144.37840440000002
352,77.66309001683167,146.72905512525,114.44522240000002
353,165.949638036,91.70811513082175,178.65544160000002
354,127.91895912475249,106.43194000000001,140.72707901799998
355,66.458095133,68.71731000000001,128.428429821
356,74.53761000000002,126.37654290000002,95.17460681700001
357,112.937881523,65.60657,171.53858280000003
358,147.89158691719996,78.32821999999999,112.07176160000003
359,114.185339219,116.71076000000002,118.67812320000004
360,55.469621200000006,171.90439082376236,98.90100901399998
361,66.71263,119.71422412023998,178.64051510869518
362,129.374582431,77.0595614,145.07174000000003
363,96.02208209999996,122.34990000000002,161.708604324
364,100.38890922299998,67.54852129999999,198.54006894905146
365,65.36433931600001,100.47364681700003,96.05697521300002
366,45.74700000000001,68.17942139999998,103.4068514
367,119.85520481200001,109.894965238,150.03380222590152
368,69.0076714,100.49818781500002,122.68485764000002
369,159.49395450000003,140.53772481200002,218.47155312100003
370,74.77818944571686,93.323,190.49426303619998
371,73.2306316,292.0360253000001,207.89089781022
372,91.75952589999999,89.83116000000001,143.58028481200003
373,51.549,63.75614,133.22613189999998
374,64.1498713,62.241299999999995,135.59308963678217
375,89.31103159999998,72.11166,105.07444771400003
376,96.05791340000002,69.5656617,292.96436224400003
377,116.73183042600002,70.44330000000002,128.11432075186138
378,77.34576,79.25425999999997,111.97840160000004
379,188.46648934825515,37.97928,145.3545002172
380,208.69155483439,72.4568,133.76489120000002
381,227.33157387514999,96.68115,127.4412893207921
382,82.64628,97.16580507514998,121.68476000000001
383,109.08444000000001,103.93980450000001,140.83384377571466
384,129.4572115,54.65212999999999,194.8278697178218
385,73.77921280000002,115.19123640520999,107.55972170000001
386,80.88737,133.9121415,128.59621590514192
387,165.1723844,69.46,109.7146818009918
388,175.454688713,145.2527615,167.92132409616002
389,74.19179939018001,75.67210119999999,122.39609481200002
390,103.40691179999999,184.80566921299993,175.47359563900002
391,44.49228,101.88328002178218,101.62356822217981
392,128.229095123,131.73080579999998,143.95930140000004
393,65.0351115,131.5815723,204.03013413883167
394,68.75895185030001,101.49887561399999,155.41671139999997
395,108.21771941899998,83.68115000000003,155.57237
396,96.1182224,49.39428,151.50456141800004
397,133.3233716,132.82037906899998,108.86501
398,108.66644,76.2329015,177.66018204400004
399,125.26970582700001,78.648509519,201.8762792
400,72.31200199999999,183.55532697515,116.27745000000003
401,78.27099999999999,72.97376159999999,98.71400420000002
402,62.561296924786234,132.74822291881188,172.47768000000005
403,113.98764953899997,61.55414,160.15827698814002
404,74.27341761900001,131.84414,176.62166652817004
405,74.9447458,76.17912,216.54818159999996
406,96.53596499999998,53.065,247.6540102
407,95.87132000000001,50.53932,162.26967330000002
408,86.24715,91.96384922300001,144.09517110000002
409,44.25013,82.986331022,120.56904521300002
410,109.15419999999997,82.53750130000002,153.616939941
411,176.7808836,107.39193231626211,130.97116169999998
412,67.44918999999999,82.21254179999998,301.751823249
413,124.72353601500001,97.83847,192.71067406000003
414,87.67205306512997,192.18434931599995,157.218144921202
415,58.92354130000001,82.42333200000002,180.353530513
416,57.42399999999999,121.622176817,108.68469310000005
417,116.44911149999999,100.9081546,114.33090597014001
418,70.13649000000001,85.8783087,201.67846190000003
419,50.326130000000006,77.75712320000001,88.62556290000002
420,141.57383000000002,95.49473363399999,120.91867300000003
421,67.29226,69.60437871287131,101.29109556526042
422,63.435475614,83.87624999999998,231.23885609999996
423,174.46009634999174,117.95150999999998,113.26093999999999
424,147.24689811881188,74.98618921499997,125.25986323299999
425,95.227032718,60.67406350117001,125.15218210000002
426,153.54706120434003,49.41738,175.398971323
427,78.46676189999998,117.16284520000002,173.37757896700003
428,63.34214000000001,88.22188,142.449831228
429,115.980803223,115.37271214899998,228.150813418
430,131.304770521,96.022,177.40420041399997
431,68.68912,90.81516743699999,219.4631887188119
432,65.93016999999999,125.76313000000003,131.67661290000004
433,149.64622369999998,86.24983481199999,130.20063460000003
434,55.98472407014001,116.95725348994196,174.44480794100005
435,131.34547000000003,51.77674120000001,108.11968350000001
436,107.76641999999998,89.7927218,116.85464481199999
437,68.90431,99.30227000000001,97.03626999999999
438,146.35009199999996,163.13417811881186,131.77216
439,141.8121636,156.22983,126.94110718375192
440,46.177391300000004,109.50909332400002,63.87652
441,128.272537214,88.53,121.05778140000002
442,143.16840299999998,98.1478923162621,152.80501942000006
443,67.38828000000001,181.89288597161624,129.08934731300002
444,42.87230000000001,116.0762475358317,94.33087132000003
445,109.32025809017999,124.85359140000003,213.110502176
446,84.13639481199998,166.84526620000003,88.50081999999999
447,113.71779224384159,103.24229379999998,83.72773000000001
448,126.88261229999999,114.12066294073264,209.90330800000007
449,101.24642731819998,231.00277453500001,110.6116018
450,82.56417169999999,134.92368902376236,165.51567359018006
451,63.38920399999999,117.80668041799997,116.80152000000001
452,102.85829627108183,150.46411999999998,269.4809324564624
453,70.0295715,52.08814,131.87619160000006
454,73.184357914,42.74609561400001,206.6339441
455,87.20805160000002,102.4319213,114.48571300000002
456,59.32753000000002,65.81356000000001,219.79775593095647
457,63.77651811881189,132.88149209999997,137.23125372900003
458,100.8658514,145.27667641600002,119.45092000000002
459,75.18901941899999,91.67251289999997,162.65460981599998
460,109.88761,163.84516761900005,164.84772199999998
461,77.731504,52.82229,91.79874290000002
462,43.963,75.7082414,116.25541831700001
463,101.24483352700001,74.900697916,190.476042127
464,66.565,160.78835000000004,135.706010119
465,78.81678289999999,106.70173502999995,106.64743924800004
466,70.481,155.28486,160.81609224096158
467,121.6286107614424,86.00851170000001,176.624319441004
468,145.19577,133.7594145,186.35011937400287
469,92.29692139999999,130.76665072300003,147.7754801710818
470,76.87434200000001,154.02368540217,118.16187715602172
471,192.2388715,95.36619000000002,212.16946913781186
472,79.36559481199998,65.22433000000001,203.5498744539031
473,133.000117,65.65441,172.70097961699997
474,100.41454999999998,53.528490000000005,135.81806529817
475,68.44394120000001,83.987,132.5584144
476,112.8115234,86.68015,163.54060619999998
477,84.19917000000001,230.241070020002,162.258694958
478,62.351000000000006,103.37282,160.39911
479,117.9579117,121.283438314,210.50371942
480,66.22600000000001,155.46402515025002,302.49107427558425
481,91.63600000000001,163.058889513,143.72562000000002
482,86.20312,147.82153997022075,104.05610139999999
483,149.7677223,124.71557000000001,99.82944420000004
484,92.95649297937122,46.754,104.06514407014002
485,118.691644224,98.70212742574257,222.94451907827192
486,88.52064159999999,138.888696817,171.17616961716385
487,54.02108721799999,105.6967121,135.18506000000002
488,105.2003923,96.1484232,182.801613522514
489,108.13200851600001,101.95776,94.29275129999999
490,101.5324482108414,80.49000911400002,160.54277
491,124.08643999999998,221.90722724300005,163.65112530541003
492,91.37316150000001,103.10212999999999,157.50097011599996
493,123.62200333674292,137.16471389999998,130.30905441683169
494,53.65112,75.1808316,131.32255641600003
495,66.85762792079208,114.875666817,157.504597716
496,137.0507235,144.34252493222002,95.10104608016002
497,96.6820165597822,138.29169134699995,92.40242363400002
498,61.16014,75.508806012,103.81752809018002
499,118.06362,127.62006012100002,202.54736350000005
500,105.82082968414,153.3129326079135,187.5072
501,110.46468002000002,96.33980120000001,87.70967571420002
502,122.582724424,87.41245,92.49363821084143
503,77.867602,66.59026,126.18389000000006
504,125.50866249999999,94.29922071999998,277.8745162699999
505,77.22246000000001,71.77765000000002,134.03261071800003
506,164.87404999999998,91.95630329999999,122.56814180020004
507,105.73344022039997,196.96559624324996,136.62884170000004
508,169.82897955174252,144.55238161584157,217.18883642200004
509,92.32496,129.56536419999998,118.83193320000005
510,94.64279000000002,174.35904329999994,183.05893941399998
511,91.96170000000002,114.11740199999997,92.84667961700004
512,65.29939130000001,131.43441622699999,207.211357232
513,89.92294000000001,89.58718000000002,95.81013681700004
514,129.6263829929498,185.61249120000002,170.37289529182283
515,67.92419,76.72211329999998,209.75060660869516
516,84.39906219999999,90.92922250000001,70.64792781599999
517,167.58462163599998,113.82219708517002,181.46178919578134
518,66.68400000000001,67.86896309115,165.32497681700005
519,130.21948982,70.8409417,144.5907974
520,85.31058000000002,128.09890072299999,170.9614914
521,63.340048915000004,100.93502219999999,140.86094918649047
522,113.17243719999998,71.06044000000001,175.0749863397822
523,103.532396817,109.389843,159.32368392621004
524,132.16886359999998,90.4798817,160.89325340000008
525,71.23068000000002,108.15515010019996,160.97248542525003
526,93.7112722,92.1266617,200.582570025
527,86.7643932,70.35442,219.31840326146184
528,96.15167028001902,103.9983422,95.78313000000004
529,82.58975,87.12344002376237,171.89499851700003
530,240.77473507514998,160.87585641600003,138.3292618
531,65.82046681700001,88.87122,126.82382897411037
532,148.51022814027996,150.48543811881189,149.47893306513004
533,263.059419624,70.8168714,190.8685159
534,92.367802,78.19073999999998,98.79348310000002
535,79.30349000000001,83.60615481199999,160.74785240000003
536,90.41998170000001,129.42718459999998,200.21468101700003
537,65.2616713,62.893179999999994,161.676018455
538,111.91733901799998,144.62315943527003,110.03015150000004
539,168.744686132,76.3079017,178.3989253
540,54.565560000000005,93.24980149999999,64.424386817
541,58.9897913,232.21907516032002,135.51733420000002
542,92.455623916,71.34157000000002,168.04433179999998
543,102.99621309999998,97.05833573781186,199.52948001800002
544,69.72672999999999,151.4690621,183.5338960459152
545,57.797190000000015,85.72199999999998,481.01890511314144
546,110.87379801499996,84.60342,188.25169239156264
547,50.812000000000005,118.33903542816051,125.99949490000002
548,51.92300000000001,98.30979029018002,153.80941282
549,57.54142,182.32649179999999,147.5384314138614
550,65.66812999999999,61.477,206.94114171600003
551,122.08643259990248,186.59610400000005,273.49984628056
552,51.49913,154.26435370000002,172.16339646971286
553,70.7233,104.25605782178216,144.39786390000003
554,79.3378518,96.56728,101.59705000000002
555,81.46745999999999,90.19144821399999,176.504753451803
556,83.031406416,128.474363,176.13255
557,96.2260651338317,155.90461924800002,112.27455169416001
558,112.08307350000001,77.089459018,171.38194520120203
559,65.43376210000001,101.93862474074257,177.89946933619999
560,106.63459,92.69951,117.98420000000002
561,68.01444290000003,84.71259791299997,116.27969403976243
562,72.39547761899998,77.64333,163.38136340521004
563,60.613981200000005,104.34657681699997,203.04270350000007
564,62.514305213,96.41550412024,115.52671982099999
565,163.3507058,159.00312449844557,198.78642091700004
566,107.21012563899997,97.7060419,138.1738129178218
567,52.56399999999999,168.01630454381188,302.3170645
568,92.8679026,51.97222,152.7767536178218
569,148.94686416873267,90.95790601499999,176.848761114
570,82.29872179999998,131.558149223,184.46101454076242
571,55.8873335900015,107.21838219519002,182.6260654
572,101.25504149999999,92.90272808015999,120.71922608016006
573,65.51731306513,144.18368239999995,152.89337036144238
574,100.98208828517002,169.28661038015997,139.85728000000006
575,96.45933891300002,141.85510394725,237.76428681784327
576,89.62353891900001,103.53660199999999,209.30473553099995
577,127.09621603199997,180.28261863699996,98.7813327
578,285.97605343000004,83.96778179999998,133.63072561400003
579,104.9960852,97.34171,147.46337278513002
580,42.70414000000001,91.23745149999999,112.33252270000001
581,165.61838472000002,107.38345520000001,126.4180432
582,115.71626,169.8209141,205.27906634179212
583,98.89084922299998,101.63149999999999,109.07672130000003
584,96.74886229999998,82.27689651386137,142.85983909519
585,106.76304412023997,124.36945599999999,144.717046613
586,115.40769540000001,99.12727000000002,254.85958645600002
587,126.1109726477624,77.15253000000001,190.15907941900002
588,39.761250000000004,66.3198285148515,150.1105774288515
589,66.6337001002,129.0353246,228.306836681042
590,69.91114999999999,81.13495561399999,165.21158984
591,148.74643601499997,102.16328641599998,175.83584683100003
592,107.2992213,88.66579523800002,200.36756000000003
593,63.133621700000006,95.9940321,119.73508142590147
594,48.740025213,68.59394831700001,165.9410043
595,67.1671216,111.64263270000002,113.85546339999999
596,90.10249000000002,81.08779129294983,114.5445529
597,176.3003938158416,99.8429342560217,133.49278
598,109.60239189999999,122.23817149999998,164.72799170000005
599,86.79152999999998,121.93591507514998,123.0875812
600,151.0093445,185.29437249231998,153.46880908537122
601,88.20469561400002,139.44202,122.63240481200003
602,111.77447470000001,166.52905791400002,106.01498000000004
603,72.24226999999999,154.7468815,221.06922073026
604,105.86529924950494,108.89383169999994,247.22251237131002
605,84.62389691399999,139.527486015,139.13832950417
606,155.71069620000006,82.89616601499999,231.9342084158416
607,91.36765871287132,85.72253553483169,126.71513330000003
608,107.32183175049997,103.61748999999999,161.28294350000004
609,60.59848159999999,98.0138822409616,184.5423673103
610,99.93739921980199,135.53458,174.97628323776237
611,77.650215614,105.51914000000002,198.78085482100002
612,191.68951479999996,92.610858918,156.59912620693396
613,95.078345614,130.9722783387822,154.9245881427525
614,70.04203601499998,68.62034,166.40435440662273
615,76.03922282800002,62.679140000000004,134.9565856
616,102.790787816,120.9493426,141.79099380000002
617,56.73152563083169,66.37612,232.286618446
618,100.02768339999997,71.9687,264.27747189456
619,60.399649999999994,130.9295819,145.5259422930217
620,109.50614231626209,81.226088112,145.08276261917
621,88.34568999999998,146.8637702583147,132.35543160000003
622,62.71041999999999,105.10440891599998,167.56762160000002
623,78.290821619,94.19264002475244,107.97005999999999
624,98.3641413,138.38283079519,151.30342608016
625,90.51331149999999,108.83964999999995,175.43545728037125
626,79.94649119999998,203.21283961919343,125.038142452
627,91.10879440527108,52.38192170000001,177.93710330000002
628,49.58812,72.2374214,174.226592
629,65.04400000000001,97.1007947,80.54052
630,60.3250427,106.5952007614424,84.16290460000003
631,120.5991622,250.9640616467822,171.85765232200006
632,78.66574902421999,97.88078190000003,119.59500000000003
633,89.90152729999998,114.19679000000001,122.23578932277226
634,233.1744487457696,86.96035,225.00340605400004
635,53.037771299999996,102.81236000000001,157.32180434000003
636,83.40571130000002,67.66499999999999,307.88361327521903
637,98.4803916,90.60529,248.78549361022004
638,84.74032,113.15040873026001,148.24219681699998
639,109.6344942,182.82889006001267,111.68205000000002
640,218.24277317514998,166.24181819414,185.28292341620195
641,55.71827000000001,68.97415999999998,106.18272170000002
642,96.184516584932,65.61741,188.18077427384347
643,79.2118718,163.33701012837284,129.99288962000003
644,128.23264,76.85622999999998,181.26538200000005
645,101.52934,107.97430000000003,184.89508999999998
646,132.2859439,69.14565180000001,55.67932119999999
647,73.7644,127.89473703400002,189.72359919672274
648,122.62394200000001,133.90679,252.35559644100005
649,95.21074001394982,84.37152818015998,138.030850917
650,106.95985,100.4352933,156.47591758016
651,125.19661651118,61.40891521300001,178.1024487267327
652,189.77163085200002,76.58037999999999,120.0384211218226
653,101.1678782108414,99.02706230000001,157.7118264531044
654,61.59353120000001,274.18101504558183,175.3260224501341
655,97.73558349999999,295.1003269440001,138.07667962400004
656,90.06581,273.3333987497525,183.0681052028032
657,134.64376323300002,83.4739116,179.45767
658,101.94521129999998,181.7987121,133.41205231819177
659,233.7132776412,155.91797,207.48007179200332
660,106.15776121782177,93.27761000000002,114.62792000000002
661,54.07247,106.50696139999998,127.54143601500003
662,63.08128,79.43699140000001,195.73585775492256
663,100.55794250000001,55.926864812,122.9680316
664,63.379059095189994,96.59388601499998,211.7015126
665,194.22574250116,73.12799999999997,205.77858397515
666,81.172389015,132.7461823,132.8461271
667,95.41427282475243,160.73890601499997,232.03382119999998
668,143.1703148607624,115.87274000000001,160.62340442400003
669,153.840607722,57.0498113,232.26317822800382
670,56.813731419,77.14713,99.46144220000001
671,113.8492,125.15498049518999,145.1817364523818
672,152.91234999999995,63.97588708517,120.61263160000004
673,103.04141,141.3091081188119,325.74931051422334
674,159.73985666138614,94.82585179999997,184.17971751619004
675,89.39267139999998,69.21832000000002,219.82964078016002
676,112.31702250000001,99.01963999999998,174.33835687515003
677,49.04543000000001,158.40256958570004,301.31702434000005
678,92.50625,33.08523,131.10706001485147
679,79.85729,108.13221389715001,171.204499717
680,58.849985614,104.93390387899998,106.48463000000001
681,114.73051999999998,89.86244160000001,182.6342745
682,106.97508179999998,94.2785529297813,132.96472962400003
683,76.10665999999999,140.3184621,89.9102244
684,91.434834017,81.66155,113.82761561399997
685,96.53717120000002,126.4831045,204.73431508628383
686,73.66818280000001,107.74743442399999,117.19194028815002
687,75.37813,173.1597999168317,192.075883728
688,86.06029000000002,109.34144104800001,187.05422150000004
689,103.1348825,81.07914210000001,76.75927
690,135.18137540120202,91.01251,158.65383759999997
691,159.52366,112.50988142277228,236.53770933086045
692,100.38808220000001,64.59739330000002,162.89175300000002
693,98.29302999999999,216.12597000000002,162.69027101300003
694,47.38436000000001,102.1411813,166.2396475
695,113.96757999999997,206.53896294670292,417.8404152435643
696,103.9438017,153.93065330000002,169.1799570598614
697,195.9497975156832,79.38932,173.6103492338515
698,63.81219340000001,80.63576000000002,331.21414362582357
699,45.70015000000001,70.63677,134.32556170000004
700,97.56991868015999,58.746449999999996,135.24113855826215
701,131.60125971600002,127.60372863182364,149.52528607014
702,88.64860152499999,124.81467874779204,199.81661612926212
703,96.024405,150.9995065891138,159.78833
704,73.99980761900001,240.45108320601432,202.4579206
705,148.38899284599995,94.95630431021999,232.965834
706,159.57687165970296,93.0566819,313.81010201477994
707,123.87941469999996,75.09662,252.89869663465348
708,71.33601851700001,120.93278811881189,162.69146658763717
709,109.03645454969308,104.10839179999998,186.9780264
710,132.86406300000002,109.11061,115.87963500000002
711,143.81266999999997,75.33480603980198,159.05742281700006
712,84.03987074599999,93.13044998016,245.32300925991566
713,74.80033831683168,195.0905241,277.84492836766333
714,64.891162832,94.334691801202,125.35768407014004
715,107.40970810000002,57.769,207.01849118016
716,67.22811999999999,66.9897319,188.830802824
717,81.98581159999999,99.43568349999998,184.04055000000002
718,70.31011999999998,109.1051512,176.87703908600002
719,147.52924359999997,73.36831999999998,228.74978162279373
720,94.51732000000001,155.76849900000002,203.24756450000004
721,113.9514337,172.14244860268238,196.09910510229003
722,126.77314219999998,58.605470000000004,113.37432000000003
723,65.01045150000002,57.83142,117.74884640421405
724,77.31476028313001,63.900420000000004,232.441785616
725,178.27175299200314,52.670150000000014,206.17310162300004
726,55.623000000000005,124.63599210000002,145.81408
727,64.46995521299999,132.0766751,160.83580261400002
728,111.6451846,114.94045999999996,134.429593016
729,65.21736,87.12782802000001,94.08341000000004
730,47.49975250000001,95.53929481200001,102.28887871700003
731,118.27648001881187,102.37244000000003,129.56112270000003
732,110.73569999999998,87.32883657515,114.3263433
733,95.64126481199999,95.1926515,123.84817681700002
734,79.00666999999999,182.01926726800002,137.73577339999997
735,95.66083601500002,212.16049898234,102.73713011520002
736,107.37646213784157,38.86912000000001,206.28372613026005
737,70.865367619,74.52496409999999,142.09713961523005
738,28.924000000000007,97.2614816,124.47468170000005
739,52.26512000000001,138.31022739999997,160.7411339
740,109.28058999999998,93.67853999999998,85.48876567014004
741,74.60861,75.81439309999999,80.43045129999999
742,102.58316512499998,180.80293866248,117.74017028795232
743,75.27823999999998,45.953125614000015,179.14956951500002
744,90.03354180000002,75.961326432,104.55698150000003
745,138.438525,81.2809019,134.30886170000002
746,113.20425052,102.18521515000249,281.8376421920031
747,91.87692179999996,49.29811,181.07070412852076
748,51.03711,89.27189630800181,182.80781320000003
749,48.067392500000004,167.1511212,159.16408
750,71.39826,72.63342000000002,185.21951530000004
751,109.91010419999999,70.57341423282179,139.71707
752,99.82873149999999,123.62630409999996,84.534175614
753,64.64721,61.4667516,132.2728083168317
754,84.05513,82.10501643703168,149.3058457066227
755,69.88358,94.47802246001427,142.301548517
756,88.86944000000003,100.18048000000002,159.7095121
757,78.23319000000002,102.13710022199999,82.35344000000002
758,120.99051164528998,98.5814739,137.39002678399177
759,79.8877153,81.60182140000002,216.38644261700003
760,112.75007922299999,41.881280000000004,179.73194970587937
761,70.33500001980198,102.18086200000002,86.57813999999999
762,147.0491917,131.82058000000004,212.78865302900002
763,102.38834190000001,98.97882000000001,191.49210658374471
764,95.88349841584157,70.46107269999999,142.45774239999997
765,115.38496481200002,55.19311999999999,177.0047000745148
766,45.53843,88.43889129999998,253.98617462992243
767,83.878316817,91.19806170000001,143.46619
768,90.6515213,104.95958354096165,118.01343150000001
769,135.28011,135.887208717,106.83680000000001
770,127.62010911800002,46.02151120000001,168.89263762475247
771,86.51225,104.33518999999998,90.19660139999999
772,142.77300140000003,113.24615342299997,191.314629916
773,66.45429999999999,114.72852001485151,83.71770000000001
774,41.86527000000001,105.697559223,107.85758719431999
775,104.07086102153634,89.34569199999999,100.3198816
776,97.68231249999998,97.66275999999999,132.42038
777,71.0079316,81.74598119999999,150.763540916
778,68.27132,95.96199130000002,197.16101821084138
779,38.45113000000001,61.5385117,154.50547939914
780,98.70408842100002,132.79971999999998,222.93979567007597
781,86.270942,100.7799378217822,160.62244399999997
782,38.062250000000006,186.85440563900002,163.64177
783,78.746124812,47.09825999999999,136.34264340000001
784,140.54650000000004,81.55054129999999,124.91546000000002
785,60.93957,97.06332811881188,192.08274804581188
786,73.06090160000001,94.49018999999996,158.63590473283168
787,49.661730426,156.57887359999998,149.63480512700002
788,115.49403842099994,73.495975614,313.14024983614
789,60.017,65.18245,189.93369181900005
790,82.3356516,122.64519999999999,159.74994180000004
791,84.78586349999999,146.09160042599996,218.086951419
792,115.770248518,74.80232,144.42846382300002
793,92.37794412024,95.4635242,98.76822160000003
794,103.94739,56.76800000000001,172.88852515505133
795,82.243133233,130.29958000000002,125.01497556696162
796,180.98639213581185,118.58263045174259,183.76232000000005
797,72.8815916,83.49951,123.01750290000001
798,104.48256400000001,74.31427,223.98146683200002
799,59.10275119999999,106.56476102079208,186.7718519006
800,84.52823000000001,145.54381642168275,117.882510827
801,116.67309388032997,130.0563113,185.67649449999996
802,72.807205213,206.9558503765025,180.06686901800003
803,121.4826159,106.004330222,161.96656395979366
804,80.30215349999996,175.11238560000004,214.9527317
805,63.43245,57.185871899999995,100.72712000000003
806,75.71168000000002,91.22725768015998,104.93289
807,105.280379413,89.57260686164356,234.51405843026
808,83.25827000000001,60.3715715,112.77163250000001
809,75.23960140000001,139.0222636,202.94394952024
810,70.78829,75.3031515,84.96362459999999
811,123.02576946337125,72.69258975921109,135.26921123762375
812,95.94304620899186,98.44163206012,106.53824130000002
813,101.91705,106.38314233069525,103.22577000000003
814,54.068560000000005,125.04977988189299,124.82129370000004
815,81.85835219999998,107.01611999999997,242.18309492700007
816,105.73106159999996,111.44464211999998,146.322971716
817,108.17434689999999,89.48440001386138,118.413096416
818,46.675129999999996,144.732281921,136.16890580114193
819,95.73642,78.12914,103.256918317
820,161.176877823,171.53545352799998,124.89621159999999
821,67.79516906900331,132.71240740000002,197.29923812814192
822,49.06807561400001,65.60341000000001,151.3018849164037
823,61.91027000000002,155.47261,90.1274596188119
824,68.2158614,64.06607848114001,122.15339011800003
825,99.50768559999996,98.99864999999998,148.82994751022002
826,190.54559262079206,83.93766169999998,186.79188011500005
827,82.54655389999999,116.58710440000002,91.88183150000002
828,119.16217999999998,132.378832525,128.05055309515004
829,131.10251521299995,122.02977520000002,245.21116667800004
830,62.04314999999999,81.71858561399998,111.95154000000004
831,125.4552619,104.587751021,226.488918
832,71.87975,77.89092130000002,118.44952616513
833,51.119698514851486,79.39753851700002,143.49330362
834,87.99060092399998,119.3655639,278.2235013262018
835,51.368,86.91347758015996,193.70293150000006
836,62.546757415,97.55340220000001,162.43257802000002
837,50.641,151.43947999999997,155.9342559776238
838,81.00723,62.334581105210006,220.66955233993252
839,96.58251000000001,83.21512110000002,162.5531641917841
840,114.77170999999998,100.44833259999999,74.54225
841,64.04434521300001,78.870985614,236.14706607900004
842,62.863538210841405,175.64131,183.08628971899998
843,84.2682934,113.9974522,174.48545000000001
844,89.92371399999999,100.2947937,187.97710985189815
845,85.88458000000001,64.86333400000001,140.57046350000005
846,113.73233991899998,54.9306216,180.2286909900818
847,71.33922000000001,75.01557189999998,96.38483
848,147.79148999999998,98.50098561399999,123.00863000000004
849,85.94698191500001,113.89448999999999,86.05543768016001
850,86.62484179999998,125.15095129999997,118.14359280000001
851,134.43947295029997,60.93070140000001,119.70396831699998
852,72.38616999999999,93.38474759999998,150.01946150000003
853,91.235667619,59.14976440000001,109.21010160000002
854,57.20049360000001,98.787396015,100.10657000000003
855,67.61436119999999,134.8275714,231.35596561399998
856,127.43693052673268,98.3080234,215.29650204575455
857,76.39416,105.3412346,166.41209909519003
858,174.29337,139.557892318,103.01454937108177
859,93.46972199999999,124.23662000000002,141.53331718537
860,126.77507262799999,152.05100941900002,182.80600643300005
861,81.52503300000001,36.09342140000001,144.63426660000002
862,48.80647000000001,104.2278215,131.11349129999996
863,40.93512,64.8729914,127.4928981188119
864,71.68366029903139,61.73222270000001,156.74892470000006
865,88.82669159999998,59.457232027,112.59280540000002
866,65.7194,80.4121501485173,124.77928610000005
867,101.23419169999998,103.22975119999998,155.92582781599998
868,91.44228587014,83.3502215,174.1332887447921
869,83.66019142500002,87.05217,90.0818313
870,112.146089216,109.19328189999999,118.52603120000002
871,130.75751160000002,166.77323703099998,178.26940603398242
872,101.22865561399999,70.6486289288614,169.61944152178222
873,116.92787229999998,126.28233433105814,120.1659115
874,83.52037101485149,164.01888919539,112.48558901900002
875,122.016538716,70.33824,146.0004513367429
876,88.28187999999999,127.625516023,159.32669170000003
877,68.86328280000002,91.90435999999998,210.56817923781264
878,149.2026996108414,92.18856322178215,170.08288040937
879,54.422561400000006,48.7388515,139.2603944
880,92.17319743186138,128.443119519,244.77053499156264
881,165.1534816,110.538047914,153.31481110000001
882,69.24625999999999,57.4400426,205.85980475905546
883,108.00026150000002,144.0788424,94.09506
884,128.2698952,88.51151342999998,114.7838815
885,84.02556999999997,107.41328000000001,108.12871711400003
886,66.47268999999999,206.96524744525496,144.03402824
887,85.12541230000001,138.8186013168317,112.8142736
888,70.58729000000001,222.95251312020002,107.97845140000004
889,117.68307663700001,110.1956414,184.476656813
890,74.0986357162621,93.4292139258713,194.15173000000001
891,171.6055800207921,138.0702335,88.8850017
892,65.50471,127.94907697515,122.94453848517003
893,107.77280220000002,131.25402412024,148.43438139999998
894,155.8690702,100.1157915362,207.4285871
895,76.66063151782177,127.01252031386137,166.44326553099998
896,50.1494816,93.65011430000001,150.70520001900002
897,66.77346000000001,64.87726353000001,178.15621112100004
898,50.34250000000001,205.5571235,358.558715843
899,154.15043289999997,107.85382160000003,131.82139520000004
900,65.09702708517,118.81944151386139,129.10488791300003
901,44.19139130000001,74.5471214,153.28000999999998
902,141.21068452600002,104.64128828614187,209.41102080000005
903,128.075571629,109.69455844599997,150.44464000000005
904,100.19418708516997,87.84011999999998,169.26628379250252
905,140.50473432574256,109.18526422100001,147.18511170000002
906,94.77143999999998,114.3415941,195.06693053300003
907,61.126630000000006,121.30620932475243,147.11389250000002
908,78.88214000000002,141.1404116,153.78417882250253
909,77.80959,52.98912000000001,95.9553131448515
910,88.52112000000001,181.81199383463306,164.92127256336636
911,115.21883,71.52747000000001,247.19334265805819
912,45.08511,81.36961310000002,217.34887175531003
913,75.2126015,79.2623,141.14854652024
914,60.75151120000001,188.65791773026,125.2913454
915,53.182998090180014,110.836332,91.88893209999998
916,116.06066307770449,66.0776,198.10352440000003
917,59.68851,123.50050000000002,127.18036340000002
918,68.005286817,63.221651300000005,92.76147130000003
919,164.31398240000001,117.91044967400248,87.5300015
920,176.89464,67.1806813,160.58404180000002
921,100.80963149999998,143.70297224975246,171.79694933822
922,75.77804962,111.183797619,251.6046744586238
923,129.10565299999996,58.178390000000014,281.1221226901586
924,38.259,115.7722334,99.47117150000003
925,98.20282272300003,103.17326999999999,171.4031145
926,163.9641701960428,88.15149,169.37632845499996
927,74.5435916,161.82050980282267,152.09202801980197
928,92.56935922000001,75.15333000000001,118.0956833
929,176.03167103628942,81.0807415,92.15816220000002
930,84.69342641600002,103.10509579999999,173.23277272400003
931,63.6478219,106.82139219999999,125.34848000000002
932,65.96642000000001,68.24445399999999,128.7378632
933,76.11874000000002,65.28847741499999,137.4880099192
934,76.41506001584158,86.80255129999999,153.28892973424
935,60.46014000000001,59.09928,307.63840761399985
936,49.787000000000006,93.21133118614192,170.73106526513004
937,92.85992999999996,139.24613687515,139.76321
938,93.48917002000002,115.41435761900001,174.694540221
939,64.05541,96.81917000000003,109.44261240000002
940,77.25619828614191,80.24127999999999,100.81040280000002
941,45.90537558072121,96.28674129315999,195.58513000000002
942,100.82960000000003,76.24054139999998,153.720058456753
943,105.43837021999998,142.547082617,82.25129000000001
944,100.76987563900002,52.029785213,173.1887361471605
945,73.13329290000001,194.74283283199998,123.93496802985152
946,50.44014000000001,77.72167000000002,136.04995000000002
947,94.84882229999998,121.33135240000003,135.74581456513008
948,114.777722,131.82322802,133.09865767108178
949,88.43933802000001,131.636506015,82.76974
950,145.57800818906313,88.71984369999998,234.24600008035998
951,52.66459149999999,92.70000000000002,113.42823443600001
952,59.981,153.97341200000002,190.63182711127502
953,61.458903,103.47115981899998,161.31004142100002
954,97.70145,99.77715000000002,143.92111629519002
955,187.48114,57.83546,99.68531851500002
956,108.47663999999999,88.28953139999999,178.158402431
957,106.80153999999999,101.1037,87.79942971782175
958,81.046750426,93.10689,136.7485779207921
959,75.18528,96.10653941900001,134.380886914
960,64.95029708517,55.00213,126.96447210000002
961,75.9992710437822,124.24890299999998,220.07470966337124
962,273.7066536035626,106.53162661299999,239.4548225657822
963,69.9134611,100.12480000000001,185.54003450000002
964,65.9757196108414,97.37256000000001,218.30866393100007
965,79.9308431,78.42632,260.72158629414315
966,104.65936921499998,150.25063693069302,204.84454886184162
967,89.4122049556535,70.74616160000002,189.64125784653464
968,128.872356015,130.14902130000002,158.78243018436353
969,118.60121129999997,68.51687,125.30606306513003
970,72.8155,116.03268,85.24110801999998
971,57.324,107.08872110521003,185.84343000000004
972,74.13705140000002,85.81813180000002,117.79022918016003
973,72.81113306513001,71.62449,227.97464116700004
974,64.85214601499999,52.22994407014,115.0863456
975,106.51344000000002,60.9351114,100.93390141399999
976,122.83225999999999,91.08099999999999,183.75789000000003
977,128.8107418,138.15517000000003,106.18235310000003
978,114.14727283861384,83.11708010693246,168.52139640495378
979,75.4774956,126.95045319999997,101.70324657514999
980,101.871894837,88.34378149999999,124.41049140000003
981,100.52077589999998,75.28116486513001,115.72245170000001
982,75.12363119999998,139.390219619,199.08956796567333
983,123.28204259999998,76.29697180000001,167.694601319802
984,61.527831800000016,157.85639420000004,238.881695339
985,176.06821714581247,123.51810922277227,130.7214815
986,80.85147410000002,128.293307,92.30091971499999
987,93.7729912,64.92734,131.44923758016
988,65.3915418,76.067204812,107.99636
989,105.79523001499997,113.9289414,140.6726182
990,75.40712,150.8017616,143.309127515
991,167.42804370000002,86.36938,146.88457180000003
992,86.264290217,157.33968212387265,294.5632633543953
993,126.29999389999999,88.69485,213.62427129999998
994,205.23476407014,146.27568,140.026795213
995,121.92767,87.23899229999999,171.38100670000003
996,129.24185120433995,92.2548,152.646701022
997,59.1700216,79.5299919,125.42409000000002
998,142.14101973399997,94.38590601199999,144.73964400000003
999,113.61063010019998,85.49456139999998,184.79945241118998
