,RL,Random,Greedy
0,408.5954351,555.838202593922,623.5011873480419
1,406.2280254459819,479.16205003900274,827.6117129494243
2,360.5389802922291,595.8527436500001,781.4819596237624
3,417.5293220702713,491.33084754300023,815.1861660329678
4,344.7218059000001,590.4291674128735,828.6739756457417
5,418.37345126847555,575.3477214193704,1018.9901736558018
6,389.56738330000024,574.9425584821299,782.937732964185
7,467.0392695708023,516.0728773,658.544493367282
8,331.1315798000819,405.2655537598613,766.8459795733112
9,286.18383473200004,489.1670198200003,764.6406912296612
10,463.78593331299993,650.6489873286957,840.6678274639431
11,403.9516563951898,478.86309615994514,781.614542495294
12,433.2207676547923,378.87784799956773,739.9629463196352
13,529.3973935160005,612.3036130108244,921.5958180498315
14,511.8224416190002,548.6118254460001,866.8688151031917
15,396.9273077981403,480.2426151,854.2811926841813
16,385.14434140815,634.5199538768138,810.1721666171112
17,613.1930375127839,592.880939748846,623.6492432605055
18,598.9030928000003,479.33246048324986,1059.5691122778317
19,546.9665773042402,612.4506106220019,742.3338605383034
20,437.71480743762385,518.8165869000001,605.9393119587818
21,442.9776965542803,526.259889091604,915.5707909646123
22,386.09587653200015,572.4876306132219,819.4294169480701
23,458.5183937744248,507.73292680000026,853.6255772557038
24,423.9097094572699,561.6235536826863,798.4512242189996
25,423.7508718370002,378.3906483388432,833.3481434209922
26,389.0598783851698,444.61432641500005,787.4874044226696
27,498.90160863547,547.0801741628461,770.7083489385122
28,478.54177281980213,463.1381135450001,968.3568060593321
29,429.38982868868646,521.256220027,762.5045865955773
30,521.32391426,443.39246073800007,686.5986793378612
31,415.3028215031019,468.43973529738633,691.8716586452301
32,615.9347927537623,517.2757617638933,847.5109012849657
33,528.1685354775142,578.0627365140002,870.0388689654696
34,410.05905311523,479.6121646428314,682.0252450279997
35,352.18643601200006,597.7052720223801,822.8949221612227
36,615.6919763356436,515.0637753031303,762.3265132554446
37,543.423861486142,536.4971840999718,950.7359837507917
38,433.0386752506634,407.5918455188119,921.1266064399354
39,406.0824322999999,493.4492784590001,631.3663476745817
40,558.1663264033607,553.4801642000003,701.311099222655
41,495.14954329635015,532.7257476740022,746.7674937627929
42,579.2294472980003,575.8289964701403,557.062861341755
43,473.1542993370002,543.041961275,719.7023588590115
44,608.8178651456125,372.3806369,705.3254676241622
45,449.12662763279354,524.4730673860032,609.1262923611702
46,517.1197209809815,535.3048594421637,836.8677595263515
47,383.87782550000026,412.5049126717526,581.2966357119998
48,421.1169009169999,589.237408286,862.4793469687835
49,437.6092798751501,422.30339279813074,670.9220362864064
50,482.8099248378123,637.8063718330752,951.157575381812
51,434.47141654410115,699.0776168252498,792.9029294550937
52,554.0863865841202,401.6789547219941,954.2012786186142
53,250.54234269999978,345.0673140701401,827.5366639606058
54,442.31402588431024,404.8503506107065,889.0600075072124
55,562.9238875016733,498.0197099532301,768.1250406516577
56,542.1938350195028,539.8965156228003,798.234878042861
57,418.94180613942484,597.0247279951901,866.885199295517
58,565.7439222780002,554.6077053701401,700.9468596516701
59,547.9569981640001,477.6976419318219,621.6760030159616
60,415.1745587654377,529.8228197278517,846.868689883994
61,389.2094715000002,383.88715553599997,553.4282965347917
62,387.67687212786143,511.63215308299976,778.5324177898638
63,529.547825952572,695.1377379410002,739.6508914768638
64,544.4292802061536,547.4212582170002,899.6689426567325
65,509.514274827952,442.9325226768022,944.193255715474
66,450.7716010390001,460.87824501800014,698.1394901692901
67,270.71215540995144,535.3540560259015,595.1135985708615
68,639.67593133,478.2960559987823,799.6014101366894
69,507.70348725215996,393.6930075808019,855.8718975220656
70,422.3694174861221,549.0409743387462,669.861179679856
71,406.0200109190002,381.743762332317,789.8277804360001
72,594.9498727584217,643.1689080960724,707.2699701762696
73,542.8711089860219,433.318372016,652.0572402567352
74,461.73869631400026,547.1974588267824,986.4505117548052
75,469.33859130568345,477.05039329999994,671.0780093098055
76,535.2168282504722,523.6466625121914,719.5564860552975
77,383.77796814573264,484.68031763942463,770.7502234725365
78,380.68210062079226,751.7662117098251,714.7624186184702
79,471.3559164722743,510.7741888516635,1011.834343677181
80,409.92721123700017,465.2467195041599,724.2430420049451
81,392.6947588021602,475.37367388187494,638.81555552422
82,637.2298499018425,634.6669017198024,822.4053828845209
83,396.6710325397822,448.0180158580003,739.5337618000001
84,453.3918269038219,392.5166493199997,613.1977515703401
85,556.8176377805601,591.1051534881404,902.2297005530003
86,379.8208826000001,479.80537541957585,751.903079913843
87,541.0343342168147,511.37308653699995,783.8179814192116
88,518.1822354462025,563.4654055290002,648.391517415
89,438.7418213000001,524.0238768405941,860.7724823587363
90,572.4916040347728,623.175264336806,663.5307802284674
91,347.78536661899994,577.3676823224187,630.838079717155
92,513.9717643346742,429.17833307515014,727.6873356460001
93,347.2040977801601,709.482582691432,784.3521599588735
94,435.59119129433003,492.1189291690233,1116.7691784872193
95,415.8641300149618,497.90877924299997,654.5558487556157
96,465.3377338400002,536.4818305789998,714.0602974297461
97,597.3518959564868,575.0592324050155,741.1690556309998
98,444.7978443752101,476.54656621200024,714.7994851992632
99,586.7955940214276,618.3816403601212,733.2263660051497
100,441.8551709750635,611.9450512000003,632.0581174168736
101,567.4852131568022,482.927969214,557.4809573033298
102,622.7387001719619,525.2698813244716,1007.87681906325
103,420.7672188360001,457.3682627180001,901.4446316154667
104,443.80245652177086,564.9996553560002,798.7931327247522
105,550.206815872284,466.51855413799996,647.2474224049221
106,453.48262720638206,659.3581700422995,772.5690678507738
107,462.0961761931727,610.8540924101902,725.6040906985119
108,415.44350322298214,492.33308365499994,730.1294155492199
109,468.5787676614424,445.81741152500024,669.7106374449817
110,381.51296104000033,590.6309000080425,919.7056035048613
111,512.2275760422001,426.398776817,679.3865965231796
112,416.6828301219999,461.147953819,965.9602041278209
113,491.42405611900006,669.5246105113267,750.8896046402798
114,607.7144632977761,415.55341800521006,763.8246544427622
115,462.05294905821,598.9623949443226,737.048491296792
116,310.1161647330001,483.73168940000016,853.106677373
117,396.1057156308319,481.4888020440003,662.8850426955443
118,391.9364838787428,423.3415148160001,777.1100627047307
119,640.2920740477629,602.715825824,754.7371542658586
120,506.34095370000017,551.4115065680004,760.4207361409021
121,387.72173033300015,739.282749207874,841.3743563241301
122,446.51058016266325,432.8615218289723,607.6806332803737
123,480.53940074983154,466.7715687180515,725.0581202230318
124,404.16335091940635,454.9306244546277,779.4039693399396
125,505.242457457182,525.13063213823,717.7481011589999
126,491.44013363107155,465.74833732911435,732.5855028329423
127,544.0439688887662,585.1921688470615,490.308712470939
128,510.7286567251602,574.088366875345,754.3202841472822
129,359.00538700000027,609.7504379975071,623.8832306030642
130,443.87169800800183,527.2352872000004,756.1062051625563
131,327.6645951730217,604.263770834757,587.6810229358434
132,562.1881546440002,349.1529680751502,729.1083324275825
133,399.1030445271903,430.78658759999985,805.1202835010021
134,397.34882840641194,499.2051668943102,522.9648227999998
135,456.1526656619017,505.8954107388415,772.238018321
136,488.17319674573275,537.0457536331522,674.346021436706
137,616.2944603032822,686.6152255494784,842.7180461069036
138,505.6140488520001,413.63455643922043,704.8864698774039
139,481.3402813410001,597.5552548920006,924.2506353282113
140,602.1973860230148,574.43281508821,805.9958458917281
141,625.0013101929035,640.4252889267328,705.4893891263198
142,343.09657341499997,422.3364184301701,1000.590173912794
143,516.8650161999999,627.5011056842618,758.0404151158245
144,416.4137529901804,558.7821905214051,722.3112603000001
145,462.89253571400013,497.03653494455483,840.4719197249628
146,458.3204806119997,422.69642246657435,639.1400346690002
147,458.70268126700023,455.0366508000002,689.4394715102703
148,361.7762649180001,605.6143552478416,696.3933615848118
149,416.78337332704143,440.76621981042007,905.5307088002244
150,474.67883700216163,499.80664923026,796.2866024863771
151,460.78891581022026,451.4718044531517,781.229491116722
152,548.6704030138617,470.3469843628221,827.1797223709402
153,484.03174585400035,574.1612032404502,708.199139345542
154,371.25140469999985,481.13151323200003,996.0933485402575
155,525.4507315581928,587.0745025529326,840.7247854572499
156,486.4969030000001,501.05322389302165,647.2166848691337
157,532.8978225902877,574.0912485514301,703.2645821847641
158,419.6351122903503,541.8198779843224,653.9535398507832
159,494.3357303410001,621.5206236419916,638.5753739792299
160,526.2523687400043,606.7139389991032,737.063851493864
161,492.51278271881233,531.0082320008999,663.400203841053
162,466.0322347000001,606.8733923477934,689.6401215190214
163,483.7638819389824,563.3581518785742,922.857724871764
164,406.9046521151348,627.665442831724,879.7906247836532
165,598.1123703446074,762.8602529072863,838.9496860839017
166,488.08210585399996,509.56717556406807,556.2626435291597
167,439.12886633184183,677.0407218730006,694.772325111155
168,470.6263470320004,341.74530130000005,830.2865064703798
169,527.5964915119818,640.8392242601901,686.0161151724425
170,375.99981379999997,610.8591537250003,765.758947548517
171,443.032531334,527.4753280608534,871.3942300507861
172,421.8936504209999,591.597465129903,842.6918919489999
173,333.5159739310001,469.74616174600004,670.3215732417243
174,448.6688194371132,624.1556914330002,516.7110782389998
175,468.35711147262265,582.7605785787333,705.119550251
176,473.3619839751501,455.9457228851699,762.1232563725331
177,536.4776856322301,584.802764356,727.42496014245
178,488.56452225531,427.7542227420001,646.2493472939997
179,481.4658706170318,382.05750689999985,756.1796611059998
180,530.5441599828122,529.0161875395557,779.043646059
181,529.5266224964075,395.41368973000004,625.8770696986334
182,438.49578633942514,505.3039189320003,871.8012503175268
183,370.2265801622901,614.9040509158049,738.385835582505
184,543.412550167822,592.9077750150004,781.962286393382
185,455.38863731881196,356.94457562,851.2934169297415
186,511.8831591934801,515.8505006386142,788.2440727801699
187,552.3406472506537,438.233044156,743.2310682649616
188,376.20649102000016,611.6705582326732,678.7765966189997
189,538.8560887754805,495.23660384982253,750.912765051322
190,326.6081137012022,603.6606772279999,590.2183979218037
191,583.7277308121403,382.21119,762.068932969
192,347.78608300417994,501.3649829950004,701.6108711979614
193,330.39158946513,515.6403605093501,862.9581014920333
194,438.4415783000002,480.14858459999994,786.7399733548413
195,593.355176987527,574.0425467223001,832.3105335531916
196,381.0683773089501,430.7413624360001,626.8901515328413
197,516.4694780639836,695.5908217963974,974.3408842277171
198,529.9544980910003,504.3674166520002,787.7334156339999
199,472.32165256400026,494.09940923465376,870.7540726761423
200,513.257784411563,500.6071630130736,749.5115223489622
201,361.41382106144243,493.0928529605941,873.7149782599546
202,426.7105987560001,527.4679967168322,667.7098527998612
203,423.3918359181301,570.4483806046868,670.2068819959995
204,539.2365551409016,467.77054703300024,1149.303128223822
205,459.1462452000002,707.7788265611617,754.6983096406934
206,470.6821982341499,574.42556261332,733.4507328995057
207,373.1338342170002,403.10794152622003,811.2272355712716
208,429.14110511499985,356.86134101700037,684.7616056282299
209,468.87230924984135,565.4581483760771,875.0436720937938
210,474.5847730916891,408.8587570390001,688.6314848158735
211,399.32952469519006,555.451375480324,638.1517783439996
212,467.9394951402104,591.0553818611106,780.1031295740001
213,504.1179434921304,459.73052916529986,890.5110282600815
214,495.72382487651043,548.9263310877272,653.6461004070113
215,474.55596432297824,577.1937652876735,851.3157707920789
216,434.22650304300004,551.2135301679018,883.4166106130001
217,482.28181398044273,511.6290974121898,751.8114027999518
218,512.6723586397526,457.02473232900024,758.905923419034
219,437.45308744505746,520.15212962823,858.8099667360748
220,614.9688709838997,461.1411902250002,743.9785499720216
221,437.56850263800027,434.23338360879296,996.4315530794801
222,537.7282616902951,393.0654261398417,746.37322621215
223,388.9004999239999,427.6534821000001,751.2831729790216
224,436.7586203000024,387.7058845318615,712.4009361562618
225,385.62905601499995,564.5358109095175,648.8703118578728
226,559.9380622289929,572.4889329150152,783.1433930414098
227,670.9374146307871,491.78411640771344,694.9048363028136
228,417.5777632490002,682.2657053250036,774.634479311783
229,438.32575471287123,684.2479467971602,615.7646107416226
230,571.4708294701401,442.94440092475253,868.655652674838
231,443.5741656000002,511.07850456700044,688.0582658583899
232,500.76104799900344,425.24125641600017,816.3332511785201
233,495.8582346192103,542.1427621168317,757.6813352887167
234,487.53250605678227,527.6191300170004,904.431160032
235,443.1337472479999,519.441582662883,695.67823937145
236,523.498025064515,444.7298162861299,1059.2255424017776
237,383.9593000688399,369.53452449018,608.2794270868516
238,365.93608084179226,459.2188063259017,679.8823152331398
239,422.3389776152133,601.9155933590004,664.0598903478414
240,520.3926351530002,487.07214241782174,651.3817644666699
241,433.21842474295255,554.3997826005948,723.9840380426052
242,579.8723541890002,450.16852763851864,623.2874113361514
243,393.74222790000016,482.21963189858207,670.1021338933762
244,543.844339847933,604.585977247,745.8471699280038
245,479.05881338697156,462.0164720386139,765.0159169770956
246,476.85353129999993,466.5471807619999,880.7198184994102
247,520.9224781409617,510.61279551399997,1057.548515715421
248,466.1738431151801,493.04779900690386,768.426773255833
249,628.4617542867638,532.6599180420002,629.8243551617242
250,372.97490977812987,427.05184440514995,755.9232132782278
251,520.3011354783715,517.3426645210002,742.733809834578
252,434.11374231800005,529.6352066728236,744.879687546
253,532.9722332150001,721.5961641340003,621.0413232832501
254,442.2885786548341,380.29609615030006,821.2517935647588
255,478.34200977751505,581.5500501350003,701.0446911910311
256,441.2152671985818,567.7855508280002,795.7276299673301
257,464.1057747000004,433.8643430668517,812.0932851529358
258,509.8404496000004,527.7924455359998,702.2627345411698
259,646.7661665593638,633.8907056670004,780.039806640322
260,438.44104639999995,582.5458011617727,633.3709458989912
261,376.88922143914505,516.0856683780003,850.7015417274853
262,331.97534731199994,512.2309639000002,796.3243747050017
263,379.5743677629326,526.1358055332101,839.2232315204167
264,549.325472206992,528.0853781997627,720.2078989321402
265,397.25639669017994,612.2290733736044,704.2157785620955
266,515.9832758898825,537.3077845490003,778.6054733169125
267,476.0813692765002,489.1691097182103,692.6753404943198
268,390.1916854490002,639.3127786066391,837.1773967271897
269,552.8292159090034,428.33671370212005,746.9779644818515
270,636.5925430201817,508.68405721815,753.0820495271515
271,467.09481148598144,339.3421363420001,740.4933079618318
272,417.5701993437128,520.3126222489626,788.1595923479997
273,411.46889333284605,576.7005103175123,674.3202651843712
274,565.5683551549998,413.94877400000024,700.4438828981797
275,578.4108848860022,537.300330117,944.8794820323269
276,449.9157462338515,641.0525568433405,648.5408137436826
277,384.8775082949962,521.4332603308713,749.8684733900817
278,551.3743443000004,692.7573654789128,673.9186050496089
279,524.7845054044723,529.5644312490936,897.2605172145641
280,384.1518329000001,641.2258386486834,659.242133679735
281,493.4529901680002,462.04845834341006,821.1251176057048
282,473.59943093699997,460.3329623615546,902.8088661722002
283,551.3253521044494,472.1138093750003,732.3989375682132
284,467.22934731299995,476.89950446100005,958.5811972361354
285,563.2544397777764,547.5607906847919,625.1680393001114
286,357.6284299999999,460.9039246260002,812.7699364425417
287,437.3914317392951,449.79551087723,931.2024234969525
288,360.9546975747525,614.6997436127191,806.2468307499427
289,466.6541877530002,541.3597409073502,881.8504184171557
290,446.0182184280001,578.633800433832,748.3673486553182
291,529.5025795931947,663.8384610088701,656.6039970258457
292,416.04212890113007,539.9262613239628,808.7885814055699
293,410.14602631200034,472.5267153391399,735.7226798085759
294,472.1233539306648,441.5811369,754.348060925402
295,511.66142244100024,600.5843419814786,855.2805469859999
296,463.55390560764374,406.31003620224385,815.2067388571631
297,773.630201496002,541.1334551999998,972.9171079235348
298,554.1365097309829,514.1415178000004,602.2743934755459
299,662.2817830363277,399.8154725167211,768.3209779251526
300,415.40911582900003,593.8765541617825,847.6530826309274
301,580.5079162000003,430.8304824406934,723.2597758427936
302,485.51153820900004,610.9767820000001,1018.7537658709997
303,423.4863657778515,544.1365541383395,613.2313343701604
304,430.1281793200003,551.7461214201836,676.7455489271902
305,328.576296525,500.096180317,610.4276770529997
306,464.0763294519233,576.5930826198017,863.7659585408022
307,384.2901759449998,409.57555140000017,789.7952124400002
308,450.0809151492702,518.7721283167607,688.6902160447921
309,577.7060622157925,460.43508025087147,729.4100225073199
310,725.8332888955252,517.5379094930815,799.4862180363667
311,556.8407314000001,510.5890831115847,1021.5553352706664
312,602.1027745978246,623.0222653000003,683.253985234982
313,445.5982428736128,507.72736973943415,712.7142712383351
314,398.01274793500016,502.6018841913102,788.515442593
315,445.4306765550001,599.5632043619481,799.1797759589998
316,500.0059039201122,565.0575444272065,686.0505808527556
317,450.12008294048024,630.8602124582203,706.4498308936041
318,575.0322068599341,520.6220926457921,905.1316261155225
319,451.8252493378612,436.10545289999993,884.6096611939759
320,430.45375389402153,628.2832432040224,768.4886566645615
321,389.03210733679197,516.1142393387823,752.5803988007068
322,535.1416100000006,610.8273932537131,930.3322706604517
323,376.4275749,437.28981298377226,738.0301683908867
324,475.83622988614195,588.2951957660822,940.5283406863599
325,385.5500071949115,478.73464918338215,759.38618749436
326,507.87901912079195,631.8572865739228,587.1286410589998
327,414.91553103199993,800.2888401386249,883.7861672358628
328,502.19403518342574,384.24620225067343,638.1518014165841
329,560.3540517682702,420.8061674368716,770.5315979888193
330,497.2319306371952,548.753597638683,967.7967744451217
331,527.4773295757919,535.6691618540001,694.1360634160001
332,460.1268608397527,620.849406558002,771.7401572088422
333,463.2369809711317,398.30035291683186,645.2011653346437
334,389.52673367933005,421.165723026,646.2895502308314
335,500.8157700000002,642.7261500444711,883.9863843033473
336,334.98766162100026,794.7163873350526,648.8508066383122
337,492.72622690000014,607.6512331699361,807.5608392029127
338,380.7668235160001,469.98229873182197,868.7384926602144
339,471.434770252591,517.629292945002,742.5957012052596
340,482.8170981620001,477.56375191626216,638.5403585896634
341,639.6870567810037,511.45139018700036,696.4792838611033
342,460.7852009801599,578.7386314805942,766.645545403515
343,506.66363291503137,405.48903656278156,740.9727912879422
344,378.3136497576701,527.9372834471421,964.3238328577926
345,439.1633555230001,435.46065513046017,635.1421520031215
346,646.7912785265434,409.0469049340001,732.3876486513337
347,530.7389351999998,505.6669677855403,692.2029564529998
348,589.2014326937527,527.1660335360001,596.1057682270216
349,699.0679021256349,565.1754369723101,774.9345736099814
350,443.66235349999994,510.92720450299186,812.9100882470566
351,780.5975182953604,678.5440480306276,724.7905572453848
352,515.6232004343457,408.43216813307157,930.7223979752597
353,361.19782014090345,661.7532683486619,754.141918868422
354,529.2300337555102,461.09955154583184,876.7453186655189
355,349.338510616,574.0506636745753,838.1856977180919
356,487.30406560000006,518.2061185148515,788.4149615851398
357,605.6393090462501,725.0404430050128,763.3825928813302
358,479.681719697763,672.3638597337659,809.1200561748831
359,374.6037217000002,493.32149900000013,771.4390801141901
360,548.035136214611,529.2167514015526,890.5609906934059
361,445.1308888603827,663.0198487585848,827.3541388513601
362,361.3728453409617,343.3517144152303,674.8556491170119
363,411.1699266320001,440.40818084190136,720.5134453020756
364,526.8548645302603,526.3552790102198,607.0447884728859
365,389.0228338189999,542.2936639432102,885.598341442617
366,438.79985311600024,571.5495343641467,677.241971058
367,385.86176337202176,640.689485367852,736.4196408488317
368,387.77590343100024,459.223045316,794.1097725144723
369,367.6117049999999,414.9261500797722,827.1182321594047
370,387.8326490539999,585.1653930310003,674.5230542485148
371,471.08166902252196,566.5936408367978,715.1919257595999
372,373.7316757851301,476.51529731203146,799.9090753188586
373,462.0024361600002,608.5081206,878.354521432896
374,421.22742628038264,587.9093380300002,809.9837543285985
375,345.8037416169998,376.71163416513,741.7885319986531
376,629.6645550700003,634.5429765309543,818.0070830691299
377,574.5207541380004,521.9584633830352,720.1745810988117
378,576.6704155142228,608.2796601431138,693.8465005971499
379,430.4028479751502,443.99716464521015,689.5776237375449
380,336.40600301584163,489.7785667139999,635.4953013239996
381,493.24091081899985,474.16403002100003,600.3745845672996
382,516.1239480479845,466.91011430000003,774.1850206450022
383,460.9459740293402,686.0244825609954,736.9920002897733
384,450.6800135501801,411.8011279752801,688.1477770696746
385,509.4791174657034,522.9867051152503,840.569172642
386,493.64204168997134,548.8747602718041,636.3641382569998
387,493.81765525100036,544.9815493,764.8197047449528
388,370.1016930000002,529.724232916,724.8478932897918
389,438.03387711881214,484.37373103422004,731.9369002999999
390,432.83078305726224,516.2796380420002,735.625572532803
391,398.7302637020114,687.3399167751501,921.4199729741499
392,549.1039953868517,392.112223633,641.779897418812
393,558.8368238744259,563.6979072594643,707.4629581495702
394,552.6524487457724,533.7956297105301,899.0002285615064
395,436.78319128564976,557.9483988070001,823.128904647
396,350.52631773399986,384.15625930033985,669.134822936
397,436.003338444623,576.4453657462203,807.9725642532453
398,416.7848926615021,488.5862533132429,841.0091962908141
399,553.9625382910192,385.502166029,678.7595896190002
400,376.21810627400004,604.0744936198254,1101.8123433276537
401,601.6921954252504,558.3991085000004,716.040134069382
402,503.15363991506325,729.8858247914302,640.4755359072115
403,401.0417818188118,533.6107118800193,835.1288397298619
404,419.21756647622357,593.5186351951899,644.1952585407722
405,448.5537161000002,547.8859785054424,1045.909289600172
406,418.29057661300004,503.63503009012965,735.382030329312
407,544.8105674706096,459.36808560380604,719.2453624041232
408,626.9943214026337,427.68770588016,672.0782756677626
409,536.8544799330001,491.4520709801816,938.5146701835622
410,481.8494484181504,595.8581074112566,988.0928149650039
411,435.7322246418021,495.49538772000005,756.5236739183954
412,442.5545469168318,740.7637987587232,806.3055088648516
413,461.2323005390002,512.8388698782702,680.8458622627228
414,450.165152731,584.7531043198604,602.8982203091297
415,456.9118017831402,363.10225687131197,830.1089402629021
416,479.81378767026,453.50312884638214,871.1240706217426
417,516.7964302031803,676.7301379076936,870.3390013472101
418,550.4204049999998,576.3669199159999,786.496819225496
419,397.48163710000006,635.3890551422643,634.615771035
420,526.1836572876626,594.4014631370003,700.65751344321
421,584.2269296298713,413.16767402093245,730.5352748133374
422,549.1353606566536,468.902183819,644.5092019199419
423,559.3732372142601,527.0478431292139,748.8372457928842
424,443.8902756000001,549.1214309602401,840.6458315129296
425,600.4381751784157,531.2206885599522,801.7164983231501
426,459.57391976396514,434.3524603618518,762.5675323664246
427,402.5939662751501,473.20759390332995,582.9632288494596
428,519.0267561260001,537.5393320300001,645.2681234762715
429,650.5459008527131,486.23871942400046,623.6008011016019
430,438.9991897316832,397.75754841782185,651.2377314279998
431,486.2911354,499.7988191590001,523.8639348840735
432,445.327654123,623.122536738,669.770847
433,362.6560465000001,607.5071408010278,725.9279837843824
434,498.4905394293038,643.0528987449823,822.8821842449324
435,450.92557933564365,519.0849220120001,703.304027442
436,528.4993430901801,342.34371039212994,665.9778710640312
437,325.5909554417129,536.0168211029918,800.6549832049625
438,494.52553457515,370.93725860000006,792.3812689203581
439,580.2378584917219,412.15851235645005,812.9082465593157
440,401.22006183200017,523.9538233999998,824.9570660490033
441,308.2487314178218,607.965887497268,694.0011631302027
442,409.37186608016,372.8268310901801,809.6216648655314
443,446.5121572651304,461.787542218812,701.4977783060519
444,476.9698001002764,506.629858142,766.2528947677226
445,492.15351274082167,395.37516907937123,709.0771473658035
446,469.2195214131684,440.5522429748637,726.2888404282297
447,435.70247914294464,418.8107432348022,852.4639367853332
448,524.5617256467816,442.7916400250001,710.8551372208028
449,459.6587617292001,506.15026887515,750.9805075172819
450,594.3966437321022,616.436935027,839.9337985281353
451,549.1644917354622,586.1895537946737,748.9297140363124
452,434.15465640000014,510.382558658,844.4555948949121
453,587.7147311112745,592.2077083000006,705.2792932929495
454,341.73970766513025,474.31074822517013,663.192763813
455,387.09668927483557,485.771649125,904.9392657603216
456,535.3994210282002,583.687699018812,843.0975834389948
457,484.09037762600184,535.840222472,845.3783724447821
458,422.04361446780314,612.8381441135245,646.5304342251416
459,629.0516640826635,655.4174677871503,759.286982782653
460,682.1905946606832,561.8322710660018,782.9968673488119
461,426.70138409054516,409.26494644554487,766.7014968780002
462,503.57745025006324,555.222128346925,972.0208382062089
463,555.26521621915,599.0594634712222,807.5235879594142
464,425.3609959346536,546.7674507608427,817.299673885161
465,368.2735933999997,565.0778679930423,642.8402693439012
466,397.22535091700007,407.0134416210002,680.2503838851701
467,412.4696599605262,565.8063291276228,765.6764570813614
468,482.9771251761198,496.67375791523017,805.161895307457
469,366.31920040000006,572.1195488801303,555.255865422085
470,436.82479170255624,507.70975018601297,681.3705127042318
471,431.1774823160214,499.5325990901799,1032.408236762994
472,435.4095878000002,351.9226036952017,753.5195256280002
473,557.2603548472104,553.756438383955,697.8499827930003
474,347.41272004090155,461.4826888508317,732.8635869283514
475,499.3170647137211,504.2271546932404,795.8440866535846
476,363.70562001980204,507.8813587901621,659.3659081619999
477,401.87949022000026,506.5505585506732,846.5778784532816
478,380.24769217361387,574.7316395490003,767.2059836953495
479,438.21727848517054,451.97638481900026,768.5429280432502
480,535.7642736362305,482.815311654812,827.5860916931362
481,527.2033362508021,511.88820079783363,639.0379785254498
482,360.49429638263376,473.92420581599964,888.2849026427723
483,416.44380375775415,510.8684357496951,651.5363834199995
484,552.6643313201837,497.4954814000002,804.922280020957
485,532.3996179839421,495.5125731577823,795.2115428709028
486,533.0934162242141,501.09347400000036,730.4928304063596
487,402.1489729240001,570.1254050845303,734.5471197918592
488,422.70163483780345,649.0718516140722,723.9450150469996
489,412.56499381500015,466.3201988109999,837.9806089974614
490,447.26524764799984,520.5576796321702,720.3164055069661
491,506.4788173766442,375.78728179999996,643.6789432645259
492,386.6408432168316,438.3306495141301,856.3755915222919
493,427.8740665347949,478.15818920101157,760.3998978000528
494,501.44940573240245,514.4024666188279,843.485754000548
495,472.6126871651138,417.44167460891197,691.6903673029715
496,464.8503661148517,521.5682450172001,707.9001541126927
497,515.9887315952117,527.0236215799225,699.8925864384196
498,549.1371232083205,517.3515072825442,739.2465402867442
499,480.3062524260018,520.724708076529,895.0682801486669
